1605401843.364228000
1605401843.369397000
1605401843.375273000
1605401846.379674000
1605401846.386333000
1605401846.390550000
1605401846.395930000
1605401846.400635000
1605401846.408207000
1605401849.392250000
1605401849.398471000
1605401849.402556000
1605401849.407895000
1605401849.413504000
1605401849.420072000
1605401849.424955000
1605401849.430822000
1605401849.440523000
1605401849.445536000
1605401852.452681000
1605401852.458404000
1605401852.462536000
1605401852.467833000
1605401855.472912000
1605401855.481036000
1605401855.487852000
1605401855.493624000
1605401858.499268000
1605401858.509854000
1605401858.518594000
1605401858.531070000
1605401858.536845000
1605401858.542738000
1605401858.550751000
1605401858.557181000
1605401861.561906000
1605401861.568092000
1605401861.572758000
1605401861.579909000
1605401861.584133000
1605401861.590014000
1605401861.595054000
1605401861.602735000
1605401861.611037000
1605401861.617570000
1605401864.623409000
1605401864.633500000
1605401864.638701000
1605401864.649226000
1605401864.657347000
1605401864.666829000
1605401867.671198000
1605401867.677306000
1605401870.683944000
1605401870.693598000
1605401873.699479000
1605401873.706360000
1605401876.690765000
1605401876.697535000
1605401876.702110000
1605401876.708431000
1605401879.712937000
1605401879.720091000
1605401882.724110000
1605401882.730353000
1605401882.737225000
1605401882.743183000
1605401885.748045000
1605401885.754062000
1605401888.759621000
1605401888.767303000
1605401888.774034000
1605401888.780850000
1605401888.788921000
1605401888.798064000
1605401888.809499000
1605401888.817546000
1605401891.827961000
1605401891.834303000
1605401891.841532000
1605401891.850876000
1605401891.858676000
1605401891.867156000
1605401891.875051000
1605401891.883888000
1605401894.889950000
1605401894.896981000
1605401897.901829000
1605401897.908930000
1605401897.913544000
1605401897.919902000
1605401897.925943000
1605401897.933875000
1605401897.938903000
1605401897.945565000
1605401900.951818000
1605401900.958091000
1605401900.963347000
1605401900.969579000
1605401903.974897000
1605401903.981257000
1605401906.965846000
1605401906.971951000
1605401909.976403000
1605401909.982317000
1605401909.987323000
1605401909.992894000
1605401912.998057000
1605401913.004319000
1605401913.008465000
1605401913.014854000
1605401913.023092000
1605401913.029129000
1605401913.035404000
1605401913.042903000
1605401916.049430000
1605401916.056097000
1605401916.062498000
1605401916.068553000
1605401919.073900000
1605401919.080243000
1605401922.084756000
1605401922.091168000
1605401925.096534000
1605401925.103497000
1605401928.108259000
1605401928.115080000
1605401931.119681000
1605401931.126559000
1605401931.131290000
1605401931.137149000
1605401934.142155000
1605401934.148715000
1605401937.132480000
1605401937.139120000
1605401940.144357000
1605401940.151509000
1605401940.156864000
1605401940.163519000
1605401940.168392000
1605401940.176172000
1605401943.181257000
1605401943.187500000
1605401946.191937000
1605401946.198058000
1605401946.202340000
1605401946.208352000
1605401949.212682000
1605401949.218784000
1605401952.223828000
1605401952.234781000
1605401952.239562000
1605401952.249060000
1605401955.254518000
1605401955.261288000
1605401955.266382000
1605401955.272647000
1605401955.278705000
1605401955.286985000
1605401955.292346000
1605401955.301761000
1605401955.307461000
1605401955.313576000
1605401955.319953000
1605401955.326136000
1605401958.331864000
1605401958.338505000
1605401961.342863000
1605401961.350259000
1605401961.354878000
1605401961.360487000
1605401961.365559000
1605401961.373408000
1605401961.378996000
1605401961.386846000
1605401964.392619000
1605401964.398501000
1605401964.403829000
1605401964.409235000
1605401967.393285000
1605401967.400178000
1605401970.404727000
1605401970.410731000
1605401970.415532000
1605401970.420874000
1605401970.425696000
1605401970.431859000
1605401973.437171000
1605401973.442721000
1605401976.446811000
1605401976.453334000
1605401976.457122000
1605401976.462799000
1605401976.467868000
1605401976.474108000
1605401979.479182000
1605401979.485311000
1605401982.489634000
1605401982.497227000
1605401985.504814000
1605401985.510603000
1605401985.515545000
1605401985.522270000
1605401988.530561000
1605401988.536664000
1605401988.540572000
1605401988.546063000
1605401988.551964000
1605401988.557871000
1605401988.562231000
1605401988.569289000
1605401988.574639000
1605401988.580691000
1605401991.589617000
1605401991.595616000
1605401994.600663000
1605401994.607770000
1605401994.611965000
1605401994.617602000
1605401994.624367000
1605401994.631079000
1605401994.635807000
1605401994.642822000
1605401997.627327000
1605401997.634557000
1605401997.643956000
1605401997.650985000
1605402000.655900000
1605402000.661339000
1605402003.665818000
1605402003.671691000
1605402003.675865000
1605402003.682223000
1605402006.687341000
1605402006.698049000
1605402009.702867000
1605402009.709478000
1605402012.714183000
1605402012.721406000
1605402012.725456000
1605402012.733907000
1605402012.744056000
1605402012.751743000
1605402015.756318000
1605402015.762353000
1605402018.767818000
1605402018.774500000
1605402018.778566000
1605402018.785436000
1605402018.790192000
1605402018.796629000
1605402021.801703000
1605402021.808967000
1605402024.813874000
1605402024.821027000
1605402027.803761000
1605402027.810926000
1605402027.819595000
1605402027.827289000
1605402030.835145000
1605402030.841454000
1605402030.845447000
1605402030.851843000
1605402033.857177000
1605402033.865596000
1605402036.870445000
1605402036.878247000
1605402039.882831000
1605402039.890702000
1605402042.899263000
1605402042.905482000
1605402045.910934000
1605402045.918393000
1605402045.922112000
1605402045.928297000
1605402045.932759000
1605402045.938929000
1605402048.943469000
1605402048.949617000
1605402051.953829000
1605402051.960468000
1605402051.967380000
1605402051.975012000
1605402051.980037000
1605402051.987282000
1605402054.996042000
1605402055.002670000
1605402057.976882000
1605402057.983797000
1605402057.987760000
1605402057.993658000
1605402060.998646000
1605402061.004692000
1605402064.012073000
1605402064.018271000
1605402067.023141000
1605402067.029688000
1605402070.035698000
1605402070.041057000
1605402070.048320000
1605402070.055409000
1605402070.059814000
1605402070.065754000
1605402070.070804000
1605402070.076274000
1605402070.081126000
1605402070.087466000
1605402073.092336000
1605402073.098455000
1605402076.104796000
1605402076.111288000
1605402076.115989000
1605402076.124115000
1605402076.129789000
1605402076.139159000
1605402079.145680000
1605402079.152141000
1605402082.157135000
1605402082.163242000
1605402082.167916000
1605402082.174798000
1605402082.180142000
1605402082.186280000
1605402082.191962000
1605402082.198998000
1605402085.204390000
1605402085.213371000
1605402088.195713000
1605402088.201883000
1605402088.206737000
1605402088.212645000
1605402088.216968000
1605402088.223581000
1605402088.227518000
1605402088.232851000
1605402091.237496000
1605402091.243837000
1605402091.248228000
1605402091.254201000
1605402094.259004000
1605402094.265962000
1605402097.270560000
1605402097.276914000
1605402097.282890000
1605402097.288776000
1605402100.293275000
1605402100.299898000
1605402103.304898000
1605402103.311092000
1605402103.319539000
1605402103.325301000
1605402103.332415000
1605402103.338978000
1605402103.342926000
1605402103.348625000
1605402106.352848000
1605402106.358727000
1605402106.363528000
1605402106.369750000
1605402109.375522000
1605402109.380908000
1605402112.384936000
1605402112.392074000
1605402115.399775000
1605402115.406614000
1605402118.390341000
1605402118.396126000
1605402121.403666000
1605402121.413942000
1605402121.421326000
1605402121.433450000
1605402121.440790000
1605402121.458610000
1605402124.465636000
1605402124.476288000
1605402127.483473000
1605402127.489600000
1605402127.495382000
1605402127.501505000
1605402127.506715000
1605402127.513919000
1605402127.519412000
1605402127.524968000
1605402130.530386000
1605402130.537291000
1605402130.542190000
1605402130.549179000
1605402133.553923000
1605402133.559805000
1605402136.567151000
1605402136.572908000
1605402139.578066000
1605402139.584976000
1605402139.593704000
1605402139.599868000
1605402139.605701000
1605402139.613699000
1605402142.620212000
1605402142.629641000
1605402145.634504000
1605402145.640839000
1605402145.644954000
1605402145.651545000
1605402148.635153000
1605402148.641355000
1605402148.646449000
1605402148.653118000
1605402151.657469000
1605402151.663964000
1605402154.667940000
1605402154.674487000
1605402157.680039000
1605402157.686506000
1605402160.692088000
1605402160.702915000
1605402163.709302000
1605402163.716542000
1605402163.721993000
1605402163.728512000
1605402166.733679000
1605402166.742726000
1605402169.747488000
1605402169.756463000
1605402169.761334000
1605402169.768486000
1605402169.772959000
1605402169.779544000
1605402169.785520000
1605402169.791094000
1605402172.798110000
1605402172.806014000
1605402175.811019000
1605402175.816625000
1605402175.824208000
1605402175.832230000
1605402175.838946000
1605402175.845521000
1605402178.831620000
1605402178.837418000
1605402181.844345000
1605402181.850397000
1605402181.854657000
1605402181.860620000
1605402181.865306000
1605402181.872348000
1605402181.878328000
1605402181.884371000
1605402181.888725000
1605402181.895980000
1605402181.900394000
1605402181.905927000
1605402181.914441000
1605402181.920723000
1605402184.926494000
1605402184.932650000
1605402187.938889000
1605402187.945518000
1605402187.951257000
1605402187.957462000
1605402187.966655000
1605402187.972805000
1605402187.978641000
1605402187.984697000
1605402187.989257000
1605402187.995516000
1605402188.000235000
1605402188.005830000
1605402191.010527000
1605402191.017773000
1605402194.022326000
1605402194.027784000
1605402194.032158000
1605402194.037458000
1605402197.042162000
1605402197.048397000
1605402200.053390000
1605402200.060052000
1605402200.064654000
1605402200.070687000
1605402200.076273000
1605402200.081893000
1605402200.086290000
1605402200.091251000
1605402203.095523000
1605402203.101279000
1605402206.107966000
1605402206.113590000
1605402209.097787000
1605402209.103653000
1605402212.109052000
1605402212.114806000
1605402215.119657000
1605402215.126035000
1605402215.130747000
1605402215.136504000
1605402218.143690000
